{
  "schema_version": 1,
  "dim": 42,
  "k": 105,
  "deg_max": 11,
  "basis": [
    [
      0,
      0
    ],
    [
      1,
      0
    ],
    [
      0,
      1
    ],
    [
      2,
      0
    ],
    [
      1,
      1
    ],
    [
      3,
      0
    ],
    [
      0,
      2
    ],
    [
      2,
      1
    ],
    [
      4,
      0
    ],
    [
      1,
      2
    ],
    [
      3,
      1
    ],
    [
      5,
      0
    ],
    [
      0,
      3
    ],
    [
      2,
      2
    ],
    [
      4,
      1
    ],
    [
      6,
      0
    ],
    [
      1,
      3
    ],
    [
      3,
      2
    ],
    [
      5,
      1
    ],
    [
      7,
      0
    ],
    [
      0,
      4
    ],
    [
      2,
      3
    ],
    [
      4,
      2
    ],
    [
      6,
      1
    ],
    [
      8,
      0
    ],
    [
      1,
      4
    ],
    [
      3,
      3
    ],
    [
      5,
      2
    ],
    [
      7,
      1
    ],
    [
      9,
      0
    ],
    [
      0,
      5
    ],
    [
      2,
      4
    ],
    [
      4,
      3
    ],
    [
      6,
      2
    ],
    [
      8,
      1
    ],
    [
      10,
      0
    ],
    [
      1,
      5
    ],
    [
      3,
      4
    ],
    [
      5,
      3
    ],
    [
      7,
      2
    ],
    [
      9,
      1
    ],
    [
      11,
      0
    ]
  ],
  "D_M1": "308857268757354722981071348762547160366309450679454185367644461515697994870656196471123363056046190863367713133901668592148625627226398911869086360030375176344316428167833190400000000000000000000000000000",
  "D_M2": "16763822218091499425803380283604098181112919107647913322723840926575115783133462479232664997872784021014789106713924412201543864813149774785755948895187132648349974747324853780480000000000000000000000000000000",
  "M1_int": [
    [
      "285609575212657832806844744499930000",
      "2694429954836394649121176834905000",
      "5288133556220961460892029302150000",
      "50363176725913918675162183830000",
      "48964199594638532045296567612500",
      "1398977131275386629865616217500",
      "98826824869912633485919677750000",
      "898425680635569395326542525000",
      "51338610322032536875802430000",
      "898425680635569395326542525000",
      "24502518562788256236178432500",
      "2333573196456024403445565000",
      "1865134656244915072296248970000",
      "16187850101541790906784550000",
      "882973641902279504006430000",
      "126139091700325643429490000",
      "16652988002186741716930794375",
      "433603127719869399288871875",
      "39418466156351763571715625",
      "7883693231270352714343125",
      "35568433171622355216066855000",
      "294743150481181269326208750",
      "15348783282119270771287500",
      "2093015902107173286993750",
      "558137573895246209865000",
      "312003799751073291369007500",
      "7756398696873191298058125",
      "673192249215757489968750",
      "128518520304826429903125",
      "44063492675940490252500",
      "685868996757954004228233000",
      "5426153039149100719461000",
      "269787780760806653845500",
      "35123073872126477737500",
      "8940418803814012515000",
      "3831608058777433935000",
      "5912663765154775898519250",
      "140331544115925018606750",
      "11628783653483045424375",
      "2119495837111080553125",
      "693653183054535453750",
      "363342143504756666250"
    ],
    [
      "2694429954836394649121176834905000",
      "50363176725913918675162183830000",
      "48964199594638532045296567612500",
      "1398977131275386629865616217500",
      "898425680635569395326542525000",
      "51338610322032536875802430000",
      "898425680635569395326542525000",
      "24502518562788256236178432500",
      "2333573196456024403445565000",
      "16187850101541790906784550000",
      "882973641902279504006430000",
      "126139091700325643429490000",
      "16652988002186741716930794375",
      "433603127719869399288871875",
      "39418466156351763571715625",
      "7883693231270352714343125",
      "294743150481181269326208750",
      "15348783282119270771287500",
      "2093015902107173286993750",
      "558137573895246209865000",
      "312003799751073291369007500",
      "7756398696873191298058125",
      "673192249215757489968750",
      "128518520304826429903125",
      "44063492675940490252500",
      "5426153039149100719461000",
      "269787780760806653845500",
      "35123073872126477737500",
      "8940418803814012515000",
      "3831608058777433935000",
      "5912663765154775898519250",
      "140331544115925018606750",
      "11628783653483045424375",
      "2119495837111080553125",
      "693653183054535453750",
      "363342143504756666250",
      "101071175472731211940500",
      "4797659627894872431000",
      "596347879665797201250",
      "144922792281099525000",
      "59286596842267987500",
      "37265860872282735000"
    ],
    [
      "5288133556220961460892029302150000",
      "48964199594638532045296567612500",
      "98826824869912633485919677750000",
      "898425680635569395326542525000",
      "898425680635569395326542525000",
      "24502518562788256236178432500",
      "1865134656244915072296248970000",
      "16187850101541790906784550000",
      "882973641902279504006430000",
      "16652988002186741716930794375",
      "433603127719869399288871875",
      "39418466156351763571715625",
      "35568433171622355216066855000",
      "294743150481181269326208750",
      "15348783282119270771287500",
      "2093015902107173286993750",
      "312003799751073291369007500",
      "7756398696873191298058125",
      "673192249215757489968750",
      "128518520304826429903125",
      "685868996757954004228233000",
      "5426153039149100719461000",
      "269787780760806653845500",
      "35123073872126477737500",
      "8940418803814012515000",
      "5912663765154775898519250",
      "140331544115925018606750",
      "11628783653483045424375",
      "2119495837111080553125",
      "693653183054535453750",
      "13384537460562096701565000",
      "101071175472731211940500",
      "4797659627894872431000",
      "596347879665797201250",
      "144922792281099525000",
      "59286596842267987500",
      "113428283564085565267500",
      "2569606156086386744250",
      "203290662198935272500",
      "35376569132716783125",
      "11053433309575387500",
      "5526716654787693750"
    ],
    [
      "50363176725913918675162183830000",
      "1398977131275386629865616217500",
      "898425680635569395326542525000",
      "51338610322032536875802430000",
      "24502518562788256236178432500",
      "2333573196456024403445565000",
      "16187850101541790906784550000",
      "882973641902279504006430000",
      "126139091700325643429490000",
      "433603127719869399288871875",
      "39418466156351763571715625",
      "7883693231270352714343125",
      "294743150481181269326208750",
      "15348783282119270771287500",
      "2093015902107173286993750",
      "558137573895246209865000",
      "7756398696873191298058125",
      "673192249215757489968750",
      "128518520304826429903125",
      "44063492675940490252500",
      "5426153039149100719461000",
      "269787780760806653845500",
      "35123073872126477737500",
      "8940418803814012515000",
      "3831608058777433935000",
      "140331544115925018606750",
      "11628783653483045424375",
      "2119495837111080553125",
      "693653183054535453750",
      "363342143504756666250",
      "101071175472731211940500",
      "4797659627894872431000",
      "596347879665797201250",
      "144922792281099525000",
      "59286596842267987500",
      "37265860872282735000",
      "2569606156086386744250",
      "203290662198935272500",
      "35376569132716783125",
      "11053433309575387500",
      "5526716654787693750",
      "4105560943556572500"
    ],
    [
      "48964199594638532045296567612500",
      "898425680635569395326542525000",
      "898425680635569395326542525000",
      "24502518562788256236178432500",
      "16187850101541790906784550000",
      "882973641902279504006430000",
      "16652988002186741716930794375",
      "433603127719869399288871875",
      "39418466156351763571715625",
      "294743150481181269326208750",
      "15348783282119270771287500",
      "2093015902107173286993750",
      "312003799751073291369007500",
      "7756398696873191298058125",
      "673192249215757489968750",
      "128518520304826429903125",
      "5426153039149100719461000",
      "269787780760806653845500",
      "35123073872126477737500",
      "8940418803814012515000",
      "5912663765154775898519250",
      "140331544115925018606750",
      "11628783653483045424375",
      "2119495837111080553125",
      "693653183054535453750",
      "101071175472731211940500",
      "4797659627894872431000",
      "596347879665797201250",
      "144922792281099525000",
      "59286596842267987500",
      "113428283564085565267500",
      "2569606156086386744250",
      "203290662198935272500",
      "35376569132716783125",
      "11053433309575387500",
      "5526716654787693750",
      "1906357706959421265000",
      "86373316170970983000",
      "10249949354568165000",
      "2378256748417935000",
      "928859941981125000",
      "557315965188675000"
    ],
    [
      "1398977131275386629865616217500",
      "51338610322032536875802430000",
      "24502518562788256236178432500",
      "2333573196456024403445565000",
      "882973641902279504006430000",
      "126139091700325643429490000",
      "433603127719869399288871875",
      "39418466156351763571715625",
      "7883693231270352714343125",
      "15348783282119270771287500",
      "2093015902107173286993750",
      "558137573895246209865000",
      "7756398696873191298058125",
      "673192249215757489968750",
      "128518520304826429903125",
      "44063492675940490252500",
      "269787780760806653845500",
      "35123073872126477737500",
      "8940418803814012515000",
      "3831608058777433935000",
      "140331544115925018606750",
      "11628783653483045424375",
      "2119495837111080553125",
      "693653183054535453750",
      "363342143504756666250",
      "4797659627894872431000",
      "596347879665797201250",
      "144922792281099525000",
      "59286596842267987500",
      "37265860872282735000",
      "2569606156086386744250",
      "203290662198935272500",
      "35376569132716783125",
      "11053433309575387500",
      "5526716654787693750",
      "4105560943556572500",
      "86373316170970983000",
      "10249949354568165000",
      "2378256748417935000",
      "928859941981125000",
      "557315965188675000",
      "483007169830185000"
    ],
    [
      "98826824869912633485919677750000",
      "898425680635569395326542525000",
      "1865134656244915072296248970000",
      "16187850101541790906784550000",
      "16652988002186741716930794375",
      "433603127719869399288871875",
      "35568433171622355216066855000",
      "294743150481181269326208750",
      "15348783282119270771287500",
      "312003799751073291369007500",
      "7756398696873191298058125",
      "673192249215757489968750",
      "685868996757954004228233000",
      "5426153039149100719461000",
      "269787780760806653845500",
      "35123073872126477737500",
      "5912663765154775898519250",
      "140331544115925018606750",
      "11628783653483045424375",
      "2119495837111080553125",
      "13384537460562096701565000",
      "101071175472731211940500",
      "4797659627894872431000",
      "596347879665797201250",
      "144922792281099525000",
      "113428283564085565267500",
      "2569606156086386744250",
      "203290662198935272500",
      "35376569132716783125",
      "11053433309575387500",
      "264604987744838981955000",
      "1906357706959421265000",
      "86373316170970983000",
      "10249949354568165000",
      "2378256748417935000",
      "928859941981125000",
      "2205041564540324849625",
      "47658942673985531625",
      "3598888173790457625",
      "597913712349809625",
      "178369256131345125",
      "85145494681603125"
    ],
    [
      "898425680635569395326542525000",
      "24502518562788256236178432500",
      "16187850101541790906784550000",
      "882973641902279504006430000",
      "433603127719869399288871875",
      "39418466156351763571715625",
      "294743150481181269326208750",
      "15348783282119270771287500",
      "2093015902107173286993750",
      "7756398696873191298058125",
      "673192249215757489968750",
      "128518520304826429903125",
      "5426153039149100719461000",
      "269787780760806653845500",
      "35123073872126477737500",
      "8940418803814012515000",
      "140331544115925018606750",
      "11628783653483045424375",
      "2119495837111080553125",
      "693653183054535453750",
      "101071175472731211940500",
      "4797659627894872431000",
      "596347879665797201250",
      "144922792281099525000",
      "59286596842267987500",
      "2569606156086386744250",
      "203290662198935272500",
      "35376569132716783125",
      "11053433309575387500",
      "5526716654787693750",
      "1906357706959421265000",
      "86373316170970983000",
      "10249949354568165000",
      "2378256748417935000",
      "928859941981125000",
      "557315965188675000",
      "47658942673985531625",
      "3598888173790457625",
      "597913712349809625",
      "178369256131345125",
      "85145494681603125",
      "60375896228773125"
    ],
    [
      "51338610322032536875802430000",
      "2333573196456024403445565000",
      "882973641902279504006430000",
      "126139091700325643429490000",
      "39418466156351763571715625",
      "7883693231270352714343125",
      "15348783282119270771287500",
      "2093015902107173286993750",
      "558137573895246209865000",
      "673192249215757489968750",
      "128518520304826429903125",
      "44063492675940490252500",
      "269787780760806653845500",
      "35123073872126477737500",
      "8940418803814012515000",
      "3831608058777433935000",
      "11628783653483045424375",
      "2119495837111080553125",
      "693653183054535453750",
      "363342143504756666250",
      "4797659627894872431000",
      "596347879665797201250",
      "144922792281099525000",
      "59286596842267987500",
      "37265860872282735000",
      "203290662198935272500",
      "35376569132716783125",
      "11053433309575387500",
      "5526716654787693750",
      "4105560943556572500",
      "86373316170970983000",
      "10249949354568165000",
      "2378256748417935000",
      "928859941981125000",
      "557315965188675000",
      "483007169830185000",
      "3598888173790457625",
      "597913712349809625",
      "178369256131345125",
      "85145494681603125",
      "60375896228773125",
      "60375896228773125"
    ],
    [
      "898425680635569395326542525000",
      "16187850101541790906784550000",
      "16652988002186741716930794375",
      "433603127719869399288871875",
      "294743150481181269326208750",
      "15348783282119270771287500",
      "312003799751073291369007500",
      "7756398696873191298058125",
      "673192249215757489968750",
      "5426153039149100719461000",
      "269787780760806653845500",
      "35123073872126477737500",
      "5912663765154775898519250",
      "140331544115925018606750",
      "11628783653483045424375",
      "2119495837111080553125",
      "101071175472731211940500",
      "4797659627894872431000",
      "596347879665797201250",
      "144922792281099525000",
      "113428283564085565267500",
      "2569606156086386744250",
      "203290662198935272500",
      "35376569132716783125",
      "11053433309575387500",
      "1906357706959421265000",
      "86373316170970983000",
      "10249949354568165000",
      "2378256748417935000",
      "928859941981125000",
      "2205041564540324849625",
      "47658942673985531625",
      "3598888173790457625",
      "597913712349809625",
      "178369256131345125",
      "85145494681603125",
      "36446968008930989250",
      "1575502237156546500",
      "178457264816055750",
      "39531485114037000",
      "14741260837301250",
      "8444181290737500"
    ],
    [
      "24502518562788256236178432500",
      "882973641902279504006430000",
      "433603127719869399288871875",
      "39418466156351763571715625",
      "15348783282119270771287500",
      "2093015902107173286993750",
      "7756398696873191298058125",
      "673192249215757489968750",
      "128518520304826429903125",
      "269787780760806653845500",
      "35123073872126477737500",
      "8940418803814012515000",
      "140331544115925018606750",
      "11628783653483045424375",
      "2119495837111080553125",
      "693653183054535453750",
      "4797659627894872431000",
      "596347879665797201250",
      "144922792281099525000",
      "59286596842267987500",
      "2569606156086386744250",
      "203290662198935272500",
      "35376569132716783125",
      "11053433309575387500",
      "5526716654787693750",
      "86373316170970983000",
      "10249949354568165000",
      "2378256748417935000",
      "928859941981125000",
      "557315965188675000",
      "47658942673985531625",
      "3598888173790457625",
      "597913712349809625",
      "178369256131345125",
      "85145494681603125",
      "60375896228773125",
      "1575502237156546500",
      "178457264816055750",
      "39531485114037000",
      "14741260837301250",
      "8444181290737500",
      "6985640885973750"
    ],
    [
      "2333573196456024403445565000",
      "126139091700325643429490000",
      "39418466156351763571715625",
      "7883693231270352714343125",
      "2093015902107173286993750",
      "558137573895246209865000",
      "673192249215757489968750",
      "128518520304826429903125",
      "44063492675940490252500",
      "35123073872126477737500",
      "8940418803814012515000",
      "3831608058777433935000",
      "11628783653483045424375",
      "2119495837111080553125",
      "693653183054535453750",
      "363342143504756666250",
      "596347879665797201250",
      "144922792281099525000",
      "59286596842267987500",
      "37265860872282735000",
      "203290662198935272500",
      "35376569132716783125",
      "11053433309575387500",
      "5526716654787693750",
      "4105560943556572500",
      "10249949354568165000",
      "2378256748417935000",
      "928859941981125000",
      "557315965188675000",
      "483007169830185000",
      "3598888173790457625",
      "597913712349809625",
      "178369256131345125",
      "85145494681603125",
      "60375896228773125",
      "60375896228773125",
      "178457264816055750",
      "39531485114037000",
      "14741260837301250",
      "8444181290737500",
      "6985640885973750",
      "7983589583970000"
    ],
    [
      "1865134656244915072296248970000",
      "16652988002186741716930794375",
      "35568433171622355216066855000",
      "294743150481181269326208750",
      "312003799751073291369007500",
      "7756398696873191298058125",
      "685868996757954004228233000",
      "5426153039149100719461000",
      "269787780760806653845500",
      "5912663765154775898519250",
      "140331544115925018606750",
      "11628783653483045424375",
      "13384537460562096701565000",
      "101071175472731211940500",
      "4797659627894872431000",
      "596347879665797201250",
      "113428283564085565267500",
      "2569606156086386744250",
      "203290662198935272500",
      "35376569132716783125",
      "264604987744838981955000",
      "1906357706959421265000",
      "86373316170970983000",
      "10249949354568165000",
      "2378256748417935000",
      "2205041564540324849625",
      "47658942673985531625",
      "3598888173790457625",
      "597913712349809625",
      "178369256131345125",
      "5306248947564108180000",
      "36446968008930989250",
      "1575502237156546500",
      "178457264816055750",
      "39531485114037000",
      "14741260837301250",
      "43493843832492690000",
      "896236918252401375",
      "64569763817891250",
      "10239351259937625",
      "2916257098576500",
      "1329130075494375"
    ],
    [
      "16187850101541790906784550000",
      "433603127719869399288871875",
      "294743150481181269326208750",
      "15348783282119270771287500",
      "7756398696873191298058125",
      "673192249215757489968750",
      "5426153039149100719461000",
      "269787780760806653845500",
      "35123073872126477737500",
      "140331544115925018606750",
      "11628783653483045424375",
      "2119495837111080553125",
      "101071175472731211940500",
      "4797659627894872431000",
      "596347879665797201250",
      "144922792281099525000",
      "2569606156086386744250",
      "203290662198935272500",
      "35376569132716783125",
      "11053433309575387500",
      "1906357706959421265000",
      "86373316170970983000",
      "10249949354568165000",
      "2378256748417935000",
      "928859941981125000",
      "47658942673985531625",
      "3598888173790457625",
      "597913712349809625",
      "178369256131345125",
      "85145494681603125",
      "36446968008930989250",
      "1575502237156546500",
      "178457264816055750",
      "39531485114037000",
      "14741260837301250",
      "8444181290737500",
      "896236918252401375",
      "64569763817891250",
      "10239351259937625",
      "2916257098576500",
      "1329130075494375",
      "899789809668750"
    ],
    [
      "882973641902279504006430000",
      "39418466156351763571715625",
      "15348783282119270771287500",
      "2093015902107173286993750",
      "673192249215757489968750",
      "128518520304826429903125",
      "269787780760806653845500",
      "35123073872126477737500",
      "8940418803814012515000",
      "11628783653483045424375",
      "2119495837111080553125",
      "693653183054535453750",
      "4797659627894872431000",
      "596347879665797201250",
      "144922792281099525000",
      "59286596842267987500",
      "203290662198935272500",
      "35376569132716783125",
      "11053433309575387500",
      "5526716654787693750",
      "86373316170970983000",
      "10249949354568165000",
      "2378256748417935000",
      "928859941981125000",
      "557315965188675000",
      "3598888173790457625",
      "597913712349809625",
      "178369256131345125",
      "85145494681603125",
      "60375896228773125",
      "1575502237156546500",
      "178457264816055750",
      "39531485114037000",
      "14741260837301250",
      "8444181290737500",
      "6985640885973750",
      "64569763817891250",
      "10239351259937625",
      "2916257098576500",
      "1329130075494375",
      "899789809668750",
      "858890272865625"
    ],
    [
      "126139091700325643429490000",
      "7883693231270352714343125",
      "2093015902107173286993750",
      "558137573895246209865000",
      "128518520304826429903125",
      "44063492675940490252500",
      "35123073872126477737500",
      "8940418803814012515000",
      "3831608058777433935000",
      "2119495837111080553125",
      "693653183054535453750",
      "363342143504756666250",
      "596347879665797201250",
      "144922792281099525000",
      "59286596842267987500",
      "37265860872282735000",
      "35376569132716783125",
      "11053433309575387500",
      "5526716654787693750",
      "4105560943556572500",
      "10249949354568165000",
      "2378256748417935000",
      "928859941981125000",
      "557315965188675000",
      "483007169830185000",
      "597913712349809625",
      "178369256131345125",
      "85145494681603125",
      "60375896228773125",
      "60375896228773125",
      "178457264816055750",
      "39531485114037000",
      "14741260837301250",
      "8444181290737500",
      "6985640885973750",
      "7983589583970000",
      "10239351259937625",
      "2916257098576500",
      "1329130075494375",
      "899789809668750",
      "858890272865625",
      "1112467401045000"
    ],
    [
      "16652988002186741716930794375",
      "294743150481181269326208750",
      "312003799751073291369007500",
      "7756398696873191298058125",
      "5426153039149100719461000",
      "269787780760806653845500",
      "5912663765154775898519250",
      "140331544115925018606750",
      "11628783653483045424375",
      "101071175472731211940500",
      "4797659627894872431000",
      "596347879665797201250",
      "113428283564085565267500",
      "2569606156086386744250",
      "203290662198935272500",
      "35376569132716783125",
      "1906357706959421265000",
      "86373316170970983000",
      "10249949354568165000",
      "2378256748417935000",
      "2205041564540324849625",
      "47658942673985531625",
      "3598888173790457625",
      "597913712349809625",
      "178369256131345125",
      "36446968008930989250",
      "1575502237156546500",
      "178457264816055750",
      "39531485114037000",
      "14741260837301250",
      "43493843832492690000",
      "896236918252401375",
      "64569763817891250",
      "10239351259937625",
      "2916257098576500",
      "1329130075494375",
      "707216972886060000",
      "29145916040728500",
      "3149744576482500",
      "665974065687000",
      "237094073055000",
      "129671226877500"
    ],
    [
      "433603127719869399288871875",
      "15348783282119270771287500",
      "7756398696873191298058125",
      "673192249215757489968750",
      "269787780760806653845500",
      "35123073872126477737500",
      "140331544115925018606750",
      "11628783653483045424375",
      "2119495837111080553125",
      "4797659627894872431000",
      "596347879665797201250",
      "144922792281099525000",
      "2569606156086386744250",
      "203290662198935272500",
      "35376569132716783125",
      "11053433309575387500",
      "86373316170970983000",
      "10249949354568165000",
      "2378256748417935000",
      "928859941981125000",
      "47658942673985531625",
      "3598888173790457625",
      "597913712349809625",
      "178369256131345125",
      "85145494681603125",
      "1575502237156546500",
      "178457264816055750",
      "39531485114037000",
      "14741260837301250",
      "8444181290737500",
      "896236918252401375",
      "64569763817891250",
      "10239351259937625",
      "2916257098576500",
      "1329130075494375",
      "899789809668750",
      "29145916040728500",
      "3149744576482500",
      "665974065687000",
      "237094073055000",
      "129671226877500",
      "102415100287500"
    ],
    [
      "39418466156351763571715625",
      "2093015902107173286993750",
      "673192249215757489968750",
      "128518520304826429903125",
      "35123073872126477737500",
      "8940418803814012515000",
      "11628783653483045424375",
      "2119495837111080553125",
      "693653183054535453750",
      "596347879665797201250",
      "144922792281099525000",
      "59286596842267987500",
      "203290662198935272500",
      "35376569132716783125",
      "11053433309575387500",
      "5526716654787693750",
      "10249949354568165000",
      "2378256748417935000",
      "928859941981125000",
      "557315965188675000",
      "3598888173790457625",
      "597913712349809625",
      "178369256131345125",
      "85145494681603125",
      "60375896228773125",
      "178457264816055750",
      "39531485114037000",
      "14741260837301250",
      "8444181290737500",
      "6985640885973750",
      "64569763817891250",
      "10239351259937625",
      "2916257098576500",
      "1329130075494375",
      "899789809668750",
      "858890272865625",
      "3149744576482500",
      "665974065687000",
      "237094073055000",
      "129671226877500",
      "102415100287500",
      "111725563950000"
    ],
    [
      "7883693231270352714343125",
      "558137573895246209865000",
      "128518520304826429903125",
      "44063492675940490252500",
      "8940418803814012515000",
      "3831608058777433935000",
      "2119495837111080553125",
      "693653183054535453750",
      "363342143504756666250",
      "144922792281099525000",
      "59286596842267987500",
      "37265860872282735000",
      "35376569132716783125",
      "11053433309575387500",
      "5526716654787693750",
      "4105560943556572500",
      "2378256748417935000",
      "928859941981125000",
      "557315965188675000",
      "483007169830185000",
      "597913712349809625",
      "178369256131345125",
      "85145494681603125",
      "60375896228773125",
      "60375896228773125",
      "39531485114037000",
      "14741260837301250",
      "8444181290737500",
      "6985640885973750",
      "7983589583970000",
      "10239351259937625",
      "2916257098576500",
      "1329130075494375",
      "899789809668750",
      "858890272865625",
      "1112467401045000",
      "665974065687000",
      "237094073055000",
      "129671226877500",
      "102415100287500",
      "111725563950000",
      "162800107470000"
    ],
    [
      "35568433171622355216066855000",
      "312003799751073291369007500",
      "685868996757954004228233000",
      "5426153039149100719461000",
      "5912663765154775898519250",
      "140331544115925018606750",
      "13384537460562096701565000",
      "101071175472731211940500",
      "4797659627894872431000",
      "113428283564085565267500",
      "2569606156086386744250",
      "203290662198935272500",
      "264604987744838981955000",
      "1906357706959421265000",
      "86373316170970983000",
      "10249949354568165000",
      "2205041564540324849625",
      "47658942673985531625",
      "3598888173790457625",
      "597913712349809625",
      "5306248947564108180000",
      "36446968008930989250",
      "1575502237156546500",
      "178457264816055750",
      "39531485114037000",
      "43493843832492690000",
      "896236918252401375",
      "64569763817891250",
      "10239351259937625",
      "2916257098576500",
      "108119015897268012000",
      "707216972886060000",
      "29145916040728500",
      "3149744576482500",
      "665974065687000",
      "237094073055000",
      "871927547558613000",
      "17110088053695000",
      "1175238550029375",
      "177808161575625",
      "48336827348250",
      "21032538738750"
    ],
    [
      "294743150481181269326208750",
      "7756398696873191298058125",
      "5426153039149100719461000",
      "269787780760806653845500",
      "140331544115925018606750",
      "11628783653483045424375",
      "101071175472731211940500",
      "4797659627894872431000",
      "596347879665797201250",
      "2569606156086386744250",
      "203290662198935272500",
      "35376569132716783125",
      "1906357706959421265000",
      "86373316170970983000",
      "10249949354568165000",
      "2378256748417935000",
      "47658942673985531625",
      "3598888173790457625",
      "597913712349809625",
      "178369256131345125",
      "36446968008930989250",
      "1575502237156546500",
      "178457264816055750",
      "39531485114037000",
      "14741260837301250",
      "896236918252401375",
      "64569763817891250",
      "10239351259937625",
      "2916257098576500",
      "1329130075494375",
      "707216972886060000",
      "29145916040728500",
      "3149744576482500",
      "665974065687000",
      "237094073055000",
      "129671226877500",
      "17110088053695000",
      "1175238550029375",
      "177808161575625",
      "48336827348250",
      "21032538738750",
      "13594564108125"
    ],
    [
      "15348783282119270771287500",
      "673192249215757489968750",
      "269787780760806653845500",
      "35123073872126477737500",
      "11628783653483045424375",
      "2119495837111080553125",
      "4797659627894872431000",
      "596347879665797201250",
      "144922792281099525000",
      "203290662198935272500",
      "35376569132716783125",
      "11053433309575387500",
      "86373316170970983000",
      "10249949354568165000",
      "2378256748417935000",
      "928859941981125000",
      "3598888173790457625",
      "597913712349809625",
      "178369256131345125",
      "85145494681603125",
      "1575502237156546500",
      "178457264816055750",
      "39531485114037000",
      "14741260837301250",
      "8444181290737500",
      "64569763817891250",
      "10239351259937625",
      "2916257098576500",
      "1329130075494375",
      "899789809668750",
      "29145916040728500",
      "3149744576482500",
      "665974065687000",
      "237094073055000",
      "129671226877500",
      "102415100287500",
      "1175238550029375",
      "177808161575625",
      "48336827348250",
      "21032538738750",
      "13594564108125",
      "12388923421875"
    ],
    [
      "2093015902107173286993750",
      "128518520304826429903125",
      "35123073872126477737500",
      "8940418803814012515000",
      "2119495837111080553125",
      "693653183054535453750",
      "596347879665797201250",
      "144922792281099525000",
      "59286596842267987500",
      "35376569132716783125",
      "11053433309575387500",
      "5526716654787693750",
      "10249949354568165000",
      "2378256748417935000",
      "928859941981125000",
      "557315965188675000",
      "597913712349809625",
      "178369256131345125",
      "85145494681603125",
      "60375896228773125",
      "178457264816055750",
      "39531485114037000",
      "14741260837301250",
      "8444181290737500",
      "6985640885973750",
      "10239351259937625",
      "2916257098576500",
      "1329130075494375",
      "899789809668750",
      "858890272865625",
      "3149744576482500",
      "665974065687000",
      "237094073055000",
      "129671226877500",
      "102415100287500",
      "111725563950000",
      "177808161575625",
      "48336827348250",
      "21032538738750",
      "13594564108125",
      "12388923421875",
      "15317214412500"
    ],
    [
      "558137573895246209865000",
      "44063492675940490252500",
      "8940418803814012515000",
      "3831608058777433935000",
      "693653183054535453750",
      "363342143504756666250",
      "144922792281099525000",
      "59286596842267987500",
      "37265860872282735000",
      "11053433309575387500",
      "5526716654787693750",
      "4105560943556572500",
      "2378256748417935000",
      "928859941981125000",
      "557315965188675000",
      "483007169830185000",
      "178369256131345125",
      "85145494681603125",
      "60375896228773125",
      "60375896228773125",
      "39531485114037000",
      "14741260837301250",
      "8444181290737500",
      "6985640885973750",
      "7983589583970000",
      "2916257098576500",
      "1329130075494375",
      "899789809668750",
      "858890272865625",
      "1112467401045000",
      "665974065687000",
      "237094073055000",
      "129671226877500",
      "102415100287500",
      "111725563950000",
      "162800107470000",
      "48336827348250",
      "21032538738750",
      "13594564108125",
      "12388923421875",
      "15317214412500",
      "24945177757500"
    ],
    [
      "312003799751073291369007500",
      "5426153039149100719461000",
      "5912663765154775898519250",
      "140331544115925018606750",
      "101071175472731211940500",
      "4797659627894872431000",
      "113428283564085565267500",
      "2569606156086386744250",
      "203290662198935272500",
      "1906357706959421265000",
      "86373316170970983000",
      "10249949354568165000",
      "2205041564540324849625",
      "47658942673985531625",
      "3598888173790457625",
      "597913712349809625",
      "36446968008930989250",
      "1575502237156546500",
      "178457264816055750",
      "39531485114037000",
      "43493843832492690000",
      "896236918252401375",
      "64569763817891250",
      "10239351259937625",
      "2916257098576500",
      "707216972886060000",
      "29145916040728500",
      "3149744576482500",
      "665974065687000",
      "237094073055000",
      "871927547558613000",
      "17110088053695000",
      "1175238550029375",
      "177808161575625",
      "48336827348250",
      "21032538738750",
      "13950840760937808",
      "547522817718240",
      "56411450401410",
      "11379722340840",
      "3866946187860",
      "2019123718920"
    ],
    [
      "7756398696873191298058125",
      "269787780760806653845500",
      "140331544115925018606750",
      "11628783653483045424375",
      "4797659627894872431000",
      "596347879665797201250",
      "2569606156086386744250",
      "203290662198935272500",
      "35376569132716783125",
      "86373316170970983000",
      "10249949354568165000",
      "2378256748417935000",
      "47658942673985531625",
      "3598888173790457625",
      "597913712349809625",
      "178369256131345125",
      "1575502237156546500",
      "178457264816055750",
      "39531485114037000",
      "14741260837301250",
      "896236918252401375",
      "64569763817891250",
      "10239351259937625",
      "2916257098576500",
      "1329130075494375",
      "29145916040728500",
      "3149744576482500",
      "665974065687000",
      "237094073055000",
      "129671226877500",
      "17110088053695000",
      "1175238550029375",
      "177808161575625",
      "48336827348250",
      "21032538738750",
      "13594564108125",
      "547522817718240",
      "56411450401410",
      "11379722340840",
      "3866946187860",
      "2019123718920",
      "1522591180110"
    ],
    [
      "673192249215757489968750",
      "35123073872126477737500",
      "11628783653483045424375",
      "2119495837111080553125",
      "596347879665797201250",
      "144922792281099525000",
      "203290662198935272500",
      "35376569132716783125",
      "11053433309575387500",
      "10249949354568165000",
      "2378256748417935000",
      "928859941981125000",
      "3598888173790457625",
      "597913712349809625",
      "178369256131345125",
      "85145494681603125",
      "178457264816055750",
      "39531485114037000",
      "14741260837301250",
      "8444181290737500",
      "64569763817891250",
      "10239351259937625",
      "2916257098576500",
      "1329130075494375",
      "899789809668750",
      "3149744576482500",
      "665974065687000",
      "237094073055000",
      "129671226877500",
      "102415100287500",
      "1175238550029375",
      "177808161575625",
      "48336827348250",
      "21032538738750",
      "13594564108125",
      "12388923421875",
      "56411450401410",
      "11379722340840",
      "3866946187860",
      "2019123718920",
      "1522591180110",
      "1585782198000"
    ],
    [
      "128518520304826429903125",
      "8940418803814012515000",
      "2119495837111080553125",
      "693653183054535453750",
      "144922792281099525000",
      "59286596842267987500",
      "35376569132716783125",
      "11053433309575387500",
      "5526716654787693750",
      "2378256748417935000",
      "928859941981125000",
      "557315965188675000",
      "597913712349809625",
      "178369256131345125",
      "85145494681603125",
      "60375896228773125",
      "39531485114037000",
      "14741260837301250",
      "8444181290737500",
      "6985640885973750",
      "10239351259937625",
      "2916257098576500",
      "1329130075494375",
      "899789809668750",
      "858890272865625",
      "665974065687000",
      "237094073055000",
      "129671226877500",
      "102415100287500",
      "111725563950000",
      "177808161575625",
      "48336827348250",
      "21032538738750",
      "13594564108125",
      "12388923421875",
      "15317214412500",
      "11379722340840",
      "3866946187860",
      "2019123718920",
      "1522591180110",
      "1585782198000",
      "2205678875400"
    ],
    [
      "44063492675940490252500",
      "3831608058777433935000",
      "693653183054535453750",
      "363342143504756666250",
      "59286596842267987500",
      "37265860872282735000",
      "11053433309575387500",
      "5526716654787693750",
      "4105560943556572500",
      "928859941981125000",
      "557315965188675000",
      "483007169830185000",
      "178369256131345125",
      "85145494681603125",
      "60375896228773125",
      "60375896228773125",
